8672284
8674834
8674839
8675788
8676470
8676642
8687184
8688750
8724795
8725279
8729332
8729353
8730321
8732585
8781032
8969374
8971266
9037710
9076300
9099215
9378717
9407943
9409419
9458281
9474620
9486207
9551640
9555374
9556580
9556961
9561717
9563413
9579144
9580650
9587402
9625634
9629181
9633730
9639975
9657280
9657299
9657407
9659909
9662557
9664103
9684107
9735368
9743749
9748924
9751714
9765753
9792456
9800822
9801686
9801700
9805085
9822225
9826177
9828710
9841874
9842491
9847440
9851006
9851058
9851102
9859589
9862291
9862948
9872572
9872575
9878101
9880613
9881901
9882676
9885936
9892625
9892640
9892679
9895395
9897406
9902624
9904878
9911744
9920022
9929031
9931193
9933160
9986972
9996818
10001324
10001945
10002643
10005396
10006202
10006211
10006248
10007498
10007507
10011928
10013389
10014004
10014103
10017914
10019001
10019021
10019046
10019070
10020556
10020615
10024367
10024376
10027439
10027695
10027719
10027732
10027824
10028281
10028446
10028474
10028705
10030762
10031001
10037466
10037475
10037492
10037575
10037684
10037696
10037711
10040338
10040372
10041058
10041065
10041140
10041155
10041676
10041687
10041725
10045652
10045660
10045720
10051104
10052199
10052783
10052819
10054797
10058632
10059753
10065055
10065058
10065076
10065225
10069865
10072896
10073468
10073673
10073680
10073689
10075076
10075079
10075327
10079437
10079492
10079503
10079508
10079515
10079520
10079528
10080423
10081601
10082249
10083327
10083371
10083383
10083823
10084276
10086003
10087939
10088354
10088414
10094950
10095801
10095818
10099133
10100828
10101069
10104729
10105963
10106866
10106988
10107498
10108646
10108649
10108652
10108658
10108662
10108670
10108676
10108681
10108684
10108687
10109439
10109504
10110275
10116004
10129312
10129323
10129328
10129336
10129361
10129382
10129400
10129403
10129757
10129897
10130610
10130613
10130625
10130630
10130635
10130638
10130644
10130647
10130666
10130671
10130674
10130692
10130707
10130738
10130753
10141896
10142422
10142444
10144248
10144262
10144267
10149740
10149753
10149913
10151518
10158574
10168979
10173968
10174020
10174057
10184698
10184721
10184735
10198424
10198446
10199159
10201039
10201049
10201086
10201153
10202635
10203230
10204107
10204119
10208482
10209522
10209537
10210612
10210617
10210794
10210835
10210849
10210858
10212420
10212425
10212428
10217665
10217686
10217696
10218265
10218274
10231117
10231138
10232541
10232583
10232948
10232956
10232961
10233150
10233426
10234370
10234386
10234428
10234436
10234861
10234878
10235932
10236198
10244178
10255228
10260872
10262512
10262550
10265031
10265810
10266411
10276244
10276250
10276266
10284886
10284952
10313585
10315986
10324471
10327281
10327790
10333002
10333069
10334396
10334489
10334521
10336206
10337387
10347869
10349826
10366053
10369355
10370096
10370242
10370340
10374244
10374253
10374262
10376636
10382774
10383167
10384493
10388449
10391147
10391164
10391182
10391378
10392395
10392959
10392984
10394608
10395192
10397483
10405550
10405565
10405607
10405854
10405915
10406725
10407287
10407293
10407829
10407873
10411865
10419126
10423136
10425726
10425836
10425864
10429368
10429499
10438555
10438646
10439423
10442779
10442962
10443018
10445455
10445843
10445880
10446465
10446675
10446693
10452502
10453087
10455203
10455255
10455266
10455270
10455275
10455281
10455295
10455311
10455329
10460029
10460235
10464295
10464490
10465014
10465017
10465020
10465497
10465501
10465506
10465517
10465522
10466494
10471669
10472637
10472647
10482834
10484956
10486133
10488056
10489909
10491334
10491349
10491387
10492706
10496793
10499517
10501953
10501959
10509082
10509370
10510265
10511747
10511758
10511763
10515398
10515889
10516131
10518623
10518635
10518641
10518697
10518718
10518725
10521278
10521372
10523755
10525234
10526097
10526108
10526122
10526887
10528322
10530754
10530759
10530764
10530767
10531418
10531421
10532344
10532349
10533688
10533697
10534001
10538833
10540093
10540096
10540828
10540846
10542210
10542213
10542227
10542230
10542323
10542334
10542344
10542352
10542373
10544191
10544227
10545368
10553450
10554820
10555602
10556816
10556821
10556834
10557943
10557974
10558588
10563573
10563884
10563893
10570960
10570963
10571151
10574068
10574948
10575265
10575270
10575285
10575292
10575484
10576697
10576733
10576832
10591826
10592108
10592347
10592899
10593184
10593190
10593215
10593224
10593863
10594213
10598213
10602400
10609649
10612479
10613997
10615859
10617608
10622809
10622866
10634851
10634874
10635424
10637102
10639220
10640185
10643598
10643751
10644189
10644206
10644210
10644946
10645095
10645976
10645992
10646019
10646610
10646756
10646887
10649522
10649848
10650301
10650314
10652263
10652266
10652269
10652272
10652286
10652289
10653752
10654341
10654352
10654373
10654979
10661328
10661581
10661584
10662397
10662411
10664672
10666716
10666876
10668292
10668516
10668955
10671486
10671515
10672624
10672730
10672947
10673655
10676094
10676100
10676486
10676876
10676885
10676914
10677387
10681557
10682093
10682954
10685310
10685828
10685834
10685838
10685849
10686037
10688227
10688251
10688718
10688864
10689401
10689917
10721890
10722597
10722608
10722641
10724655
10724675
10725304
10725589
10726824
10755651
10755718
10756700
10759408
10760083
10776243
10781310
10783277
10783709
10783797
10789435
10789438
10789441
10789444
10789447
10789450
10789453
10789456
10789460
10789892
10789897
10789924
10790360
10798845
10798851
10798867
10800141
10803014
10803939
10803968
10805876
10806779
10812658
10813034
10823396
10823410
10827377
10828820
10839123
10841198
10844624
10844663
10845724
10845728
10845737
10847633
10847854
10848242
10848769
10851781
10851823
10852685
10853824
10855631
10856265
10860258
10861390
10862399
10862407
10862412
10863616
10868651
10869146
10882628
10887218
10889472
10889513
10897614
10899438
10900268
10900498
10901479
10902136
10902300
10906637
10907530
10908818
10912016
10913803
10913890
10914156
10914268
10916588
10918137
10918298
10932570
10934255
10935028
10935455
10935933
10940273
10940475
10940478
10941705
10941838
10942742
10944647
10945348
10945351
10946233
10946251
10946494
10948689
10948701
10950134
10950544
10950592
10951148
10951166
10952078
10952120
10952381
10956643
10956740
10956842
10965940
10965978
10965983
10966073
10966318
10967291
10967537
10972398
10974682
10975743
10976850
10977213
10977462
10980472
10980769
10983835
10984734
10987939
10991804
10991807
10997109
10999133
10999160
10999265
11003399
11004092
11004095
11005040
11005058
11006153
11007283
11007286
11019717
11020547
11020552
11020923
11023821
11023875
11025047
11025050
11025059
11025074
11025086
11027262
11027942
11031204
11034767
11035903
11036026
11037362
11037369
11038079
11038082
11038085
11038088
11038093
11038866
11038869
11042785
11042797
11042800
11043779
11043782
11045127
11045143
11045155
11045618
11045626
11056425
11056907
11057352
11057357
11058280
11061955
11066935
11066967
11067691
11067878
11067887
11068519
11070434
11070771
11070786
11071833
11072136
11072146
11072542
11072545
11072886
11074245
11080121
11080527
11081590
11082835
11088316
11089488
11089539
11089782
11091506
11091516
11096010
11097349
11097376
11097440
11097492
11098343
11098370
11099001
11099009
11099017
11099687
11100225
11100252
11100338
11106443
11106986
11106992
11107013
11107016
11107019
11107022
11107690
11108053
11108309
11108321
11109285
11109320
11112157
11112192
11114245
11115358
11116243
11116663
11116741
11118790
11118796
11118881
11118975
11121923
11121963
11122778
11126043
11132712
11149934
11150193
11150606
11150825
11150841
11155526
11156633
11163517
11163530
11167617
11179875
11179887
11179890
11179893
11179899
11180219
11180257
11181077
11183052
11186158
11188140
11188152
11191476
11193634
11193793
11194939
11198242
11198263
11203608
11205462
11207297
11216420
11216433
11216800
11216843
11226897
11235191
11235213
11235222
11236848
11236856
11237220
11238457
11239342
11244174
11245557
11251090
11251324
11253990
11254412
11255382
11255511
11255514
11258129
11258132
11261732
11262890
11264099
11273513
11273571
11273867
11273942
11283844
11283856
11293145
11293223
11298166
11305196
11312126
11312161
11312173
11316316
11316330
11322267
11322297
11324654
11324657
11325295
11325761
11330374
11336265
11336631
11336638
11337923
11337942
11358863
11364729
11367449
11368647
11372965
11375044
11403760
11403795
11406711
11410737
11411598
11411606
11411609
11411614
11411637
11415940
11416255
11420976
11431289
11456820
11456828
11458611
11467513
11483101
11483473
11494716
11495140
11496852
11497925
11500430
11502071
11502220
11518707
11519784
11529558
11530109
11530150
11532444
11538855
11542603
11546617
11576097
11576993
11585313
11589310
11589326
11590664
11590676
11590689
11604473
11604509
11612004
11626551
11639147
11650309
11660539
11661488
11662301
11674385
11674406
11676785
11682768
11687978
11692910
11694074
11696705
11704247
11704320
11708170
11718245
11728293
11730608
11730913
11730916
11734360
11742635
11758811
11759409
11771679
11772300
11779916
11795121
11797215
11797256
11826694
11828859
11829700
11830159
11834444
11839489
11839538
11844850
11855653
11875905
11884714
11885809
11887030
11892683
11943804
11946173
11958955
11968446
11968523
11973672
11973724
11992044
12000337
12000350
12004790
12010752
12012356
12012462
12020142
12022374
12031125
12048586
12061395
12064375
12072210
12078255
12084107
12202610
12220140
12238763